[0] 3 1 1 1234 1234
[1] 3 1 1 1286 1286
[2] 3 1 1 1328 1328
[3] 3 1 1 1350 1350
[4] 3 1 1 1356 1356
[5] 3 1 1 1370 1370
[6] 3 1 1 1394 1394
[7] 3 1 1 1516 1516
[8] 3 1 1 1536 1536
[9] 3 1 1 1562 1562
[10] 3 1 1 1616 1616
[11] 3 1 1 1636 1636
[12] 3 1 1 1642 1642
[13] 3 1 1 1724 1724
[14] 40 1 25 -1 -1
[15] 5 1 1 -1 -1
[16] 0 0 0 0 0
[17] 0 0 0 0 0
[18] 0 0 0 0 0
[19] 0 0 0 0 0
[20] 0 0 0 0 0
[21] 0 0 0 0 0
[22] 0 0 0 0 0
[23] 0 0 0 0 0
[24] 0 0 0 0 0
[25] 0 0 0 0 0
[26] 0 0 0 0 0
[27] 0 0 0 0 0
[28] 0 0 0 0 0
[29] 0 0 0 0 0
[30] 0 0 0 0 0
[31] 0 0 0 0 0
